kinematics:
  shoulder:
    x: 0
    y: 0
    z: 0.16286201303668243
    roll: -0
    pitch: 0
    yaw: -2.1916657464240461e-08
  upper_arm:
    x: 0.0001525199794099461
    y: 0
    z: 0
    roll: 1.5710451286158651
    pitch: 0
    yaw: 2.3666865971667813e-06
  forearm:
    x: -0.42523799052829947
    y: 0
    z: 0
    roll: 0.00044553183768344934
    pitch: -0.00043701852782651867
    yaw: 1.2528284918897443e-05
  wrist_1:
    x: -0.39269959325647275
    y: -0.00085062353376283168
    z: 0.13290971772878335
    roll: 0.0063999227046796225
    pitch: -0.0015635980228873286
    yaw: -9.3790983214764593e-07
  wrist_2:
    x: 6.0334592401462881e-05
    y: -0.099740293389548193
    z: -1.5186826941483422e-05
    roll: 1.5709485905020506
    pitch: 0
    yaw: -2.7273990675993892e-07
  wrist_3:
    x: 8.1149819855639194e-05
    y: 0.099478527674097261
    z: 3.3710529270390455e-05
    roll: 1.571135199200512
    pitch: 3.1415926535897931
    yaw: -3.1415924837680569
  hash: calib_1693252346173734019